50
1 49 8 24 41 44
2 38 27 14
3 16 36 10
4 48 25 26 13
5 50 35 20 37 39 12
6 20 26 43 31
7 49 37 22 23 29 30
8 48 1 21 46
9 38 42 11 30
10 3 24 15
11 17 9 45 15
12 36 5 27 44
13 49 4 29 14
14 2 20 40 13
15 16 10 11 29 46
16 18 3 15
17 21 38 11
18 16 34 19 39 23
19 33 18 22 40
20 5 6 14 31
21 17 35 36 8 24 28
22 19 7 27
23 18 50 38 7 47
24 1 21 10 47
25 32 4 44 30 31
26 32 4 6 42 45
27 48 2 22 12
28 21 39 40
29 34 7 13 15 47
30 7 25 9
31 20 6 25
32 32 25 26
33 49 19 38
34 18 41 43 29
35 5 21 42
36 3 21 37 12
37 36 5 7
38 17 33 2 23 9
39 18 5 28
40 19 28 14
41 1 34 46
42 35 9 26 45
43 49 34 6
44 1 25 12
45 26 42 11
46 8 41 15
47 50 23 24 29
48 4 8 27
49 1 33 7 43 13
50 5 23 47